BHE0210 = 80.600998 ;
BHD0490 = 2.613000 ;
BHD0510 = 3.728550 ;
BHE0150 = 132.660004 ;
SHA0110 = 460.561340 ;
WHA0305 = 68.339996 ;
WHA0305 = 70.349998 ;

IQDD0110 = -0.562800 ;
IQFD0130 = -20.110050 ;
IQFD0150 = 20.140202 ;
IQDD0220 = 0.000000 ;
IQFE0230 = 0.000000 ;
IQDF0245 = 0.000000 ;
IQFE0250 = -1.206000 ;
IQFD0310 = 9.087317 ;
IQFD0330 = 3.346650 ;
IQDD0350 = 8.381701 ;
IQDF0410 = -4.689035 ;
IQFF0420 = 25.950478 ;
IQDF0470 = 54.661949 ;
IQFF0480 = 55.988548 ;
XLA0145 = 15.054899 ;
XVA0215 = 0.000000 ;
XHA0245 = 0.000000 ;
IDQFF0130 = 55.733650 ;
IDQDF0140 = 17.823400 ;
IDQFE0170 = 52.333401 ;
IDQDF0180 = 61.580051 ;
IDQFF0210 = 59.400002 ;
IDQFE0230 = 49.917702 ;
IDQFF0250 = 92.710098 ;
IDQDF0260 = 48.598202 ;
IDQDF0280 = 56.626850 ;
IDQFF0290 = 79.271500 ;
EN = 100.000000 ;

 IQDD0110 := 9.042*100/118;
 IQFD0130 := -0.836*100/118;
 IQFD0150 := 9.042*100/118;
 IQDD0220 := 0.000;
 IQFE0230 := 0.000;
 IQDF0245 := 0.000;
 IQFE0250 := 0;
 IQFD0310 := 9.042*100/118;
 IQFD0330 := -0.836*100/118;
 IQDD0350 := 9.042*100/118;



E4 = 18 ;
E6 = 37 ;
E7 = 48.0 ;
E8 = 64 ;
E12 = 72.0 ;
E13 = 86.0 ;
E14 = 101 ;
EFINAL = 117.000000 ;
 ctfcl  = 0.000000 ;
 ctfct  = 0.000000 ;
 ctfdl  = 0.000000 ;
 ctftl1 = 0.000000 ;
 ctfcr  = 0.000000 ;
 ctftl2 = 0.000000 ;
 ctftbts= 0.000000 ;
 ctftbl = 0.000000 ;
ibha0425 = 60.0;
IQFE0250 := 0;
BXDL = 5.0 ;
BYDL = 12.0;
IWHA350A = 0.0001 ;
IWHA350B = 0.0001 ;
BET0X15 = 4;
BET0Y15 = 4;

r56=0;


!!!!!!!!!!!!!!!!!

